1294874 208012794
1359617 208833699
1427597 222862336
1498976 227663295
1573924 243579967
1652620 255102580
1735251 283944146
1822013 296790159
1913113 306181014
2008768 311532321
2109206 320485246
2214666 333886111
2325399 366133915
2441668 387259996
2563751 417258528
2691938 420493737
2826534 433314769
2967860 465465181
3116253 492795888
3272065 498849051
3435668 550770548
3607451 585213887
3787823 588986164
3977214 605996159
4176074 649620421
4384877 686537905
4604120 693300839
4834326 745205643
5076042 808192902
5329844 833385409
5596336 881827503
5876152 901823727
6169959 991945072
6478456 978900119
6802378 1093984343
7142496 1135059856
7499620 1150045477
7874601 1187177332
8268331 1284719144
8681747 1314792245
9115834 1417854979
9571625 1485669693
10050206 1612288098
10552716 1623326737
11080351 1707803340
11634368 1838984682
12216086 1843251629
12826890 1931593604
13468234 2176835362
14141645 2286368237
14848727 2380526866
15591163 2343701533
16370721 2520563759
17189257 2654855310
18048719 2897763402
18951154 2890540030
19898711 3062090603
